3.0000000000e+03 3.0000000000e+03 3.0000000000e+03 3.0000000000e+03 3.0000000000e+03 3.0000000000e+03 3.0000000000e+03 3.0000000000e+03 3.0000000000e+03 3.0000000000e+03 3.0000000000e+03 3.0000000000e+03 3.0000000000e+03 3.0000000000e+03 3.0000000000e+03 3.0000000000e+03 3.0000000000e+03 2.4138728027e+03 1.0219922485e+03 2.1253408203e+03 
3.0000000000e+03 3.0000000000e+03 3.0000000000e+03 3.0000000000e+03 3.0000000000e+03 3.0000000000e+03 3.0000000000e+03 3.0000000000e+03 3.0000000000e+03 3.0000000000e+03 3.0000000000e+03 3.0000000000e+03 3.0000000000e+03 3.0000000000e+03 3.0000000000e+03 3.0000000000e+03 3.8230576172e+03 3.3978442383e+03 1.0302558594e+03 2.1257929688e+03 
3.0000000000e+03 3.0000000000e+03 3.0000000000e+03 3.0000000000e+03 3.0000000000e+03 3.0000000000e+03 3.0000000000e+03 3.0000000000e+03 3.0000000000e+03 3.0000000000e+03 3.0000000000e+03 3.0000000000e+03 3.0000000000e+03 3.0000000000e+03 3.0000000000e+03 3.1116701660e+03 2.4952160645e+03 2.8333100586e+03 1.0453675537e+03 2.1340300293e+03 
3.0000000000e+03 3.0000000000e+03 3.0000000000e+03 3.0000000000e+03 3.0000000000e+03 3.0000000000e+03 3.0000000000e+03 3.0000000000e+03 3.0000000000e+03 3.0000000000e+03 3.0000000000e+03 3.0000000000e+03 3.0000000000e+03 3.0000000000e+03 2.8592224121e+03 3.3576821289e+03 2.5950361328e+03 1.7870449219e+03 1.3638165283e+03 2.1340300293e+03 
3.0000000000e+03 3.0000000000e+03 3.0000000000e+03 3.0000000000e+03 3.0000000000e+03 3.0000000000e+03 3.0000000000e+03 3.0000000000e+03 3.0000000000e+03 3.0000000000e+03 3.0000000000e+03 3.0000000000e+03 3.0000000000e+03 2.9068481445e+03 2.7424819336e+03 3.3878085938e+03 3.0112907715e+03 1.6437617188e+03 1.4787293701e+03 2.1340300293e+03 
3.0000000000e+03 3.0000000000e+03 3.0000000000e+03 3.0000000000e+03 3.0000000000e+03 3.0000000000e+03 3.0000000000e+03 3.0000000000e+03 3.0000000000e+03 3.0000000000e+03 3.0000000000e+03 3.0000000000e+03 3.0679138184e+03 2.7955202637e+03 3.7075251465e+03 2.5720710449e+03 2.8437041016e+03 1.6801262207e+03 1.4792396240e+03 2.1211486816e+03 
3.0000000000e+03 3.0000000000e+03 3.0000000000e+03 3.0000000000e+03 3.0000000000e+03 3.0000000000e+03 3.0000000000e+03 3.0000000000e+03 3.0000000000e+03 3.0000000000e+03 3.0000000000e+03 2.8947641602e+03 2.9898051758e+03 2.8590383301e+03 3.7218837891e+03 2.5425898438e+03 2.0312172852e+03 1.9581151123e+03 1.6183341064e+03 2.1323332520e+03 
3.0000000000e+03 3.0000000000e+03 3.0000000000e+03 3.0000000000e+03 3.0000000000e+03 3.0000000000e+03 3.0000000000e+03 3.0000000000e+03 3.0000000000e+03 3.0000000000e+03 2.9659633789e+03 2.9498796387e+03 3.2139418945e+03 3.0632509766e+03 2.5032023926e+03 3.0211596680e+03 1.9489564209e+03 2.0720432129e+03 1.6202218018e+03 2.1326904297e+03 
3.0000000000e+03 3.0000000000e+03 3.0000000000e+03 3.0000000000e+03 3.0000000000e+03 3.0000000000e+03 3.0000000000e+03 3.0000000000e+03 3.0000000000e+03 3.0411994629e+03 2.8857067871e+03 2.9112038574e+03 2.7649721680e+03 3.5768874512e+03 2.6267692871e+03 2.7848649902e+03 1.8826894531e+03 2.2392199707e+03 1.6255941162e+03 2.1329445801e+03 
3.0000000000e+03 3.0000000000e+03 3.0000000000e+03 3.0000000000e+03 3.0000000000e+03 3.0000000000e+03 3.0000000000e+03 3.0000000000e+03 3.0000000000e+03 2.8805930176e+03 2.9328625488e+03 2.8156955566e+03 2.8897062988e+03 3.9346740723e+03 2.5227321777e+03 2.2019018555e+03 2.3220976562e+03 2.2427502441e+03 1.6259564209e+03 2.1331262207e+03 
3.0000000000e+03 3.0000000000e+03 3.0000000000e+03 3.0000000000e+03 3.0000000000e+03 3.0000000000e+03 3.0000000000e+03 3.0000000000e+03 2.9112338867e+03 2.9253603516e+03 2.8721816406e+03 2.7529719238e+03 2.4633947754e+03 3.2411276855e+03 2.9004934082e+03 2.1372663574e+03 2.2023857422e+03 2.5327792969e+03 1.6262182617e+03 2.1332668457e+03 
3.0000000000e+03 3.0000000000e+03 3.0000000000e+03 3.0000000000e+03 3.0000000000e+03 3.0000000000e+03 3.0000000000e+03 2.9545434570e+03 2.9222060547e+03 2.9868413086e+03 2.7172321777e+03 2.8236774902e+03 2.9965480957e+03 3.2836960449e+03 2.7517961426e+03 2.0785944824e+03 2.3377001953e+03 1.7720758057e+03 2.2347719727e+03 2.1333786621e+03 
3.0000000000e+03 3.0000000000e+03 3.0000000000e+03 3.0000000000e+03 3.0000000000e+03 3.0000000000e+03 3.0000000000e+03 2.9521103516e+03 2.8555083008e+03 2.6636418457e+03 2.9021516113e+03 2.9569025879e+03 2.8772832031e+03 3.3922487793e+03 2.3449731445e+03 2.4079006348e+03 2.3855590820e+03 1.7717457275e+03 2.2348884277e+03 2.1334660645e+03 
3.0000000000e+03 3.0000000000e+03 3.0000000000e+03 3.0000000000e+03 3.0000000000e+03 3.0000000000e+03 2.9085334473e+03 2.8837062988e+03 2.7541936035e+03 2.9438264160e+03 2.7435319824e+03 3.1741196289e+03 2.3960065918e+03 3.6465439453e+03 2.2618540039e+03 2.3845043945e+03 2.6025979004e+03 1.7682861328e+03 2.2349777832e+03 2.1335349121e+03 
3.0000000000e+03 3.0000000000e+03 3.0000000000e+03 3.0000000000e+03 3.0000000000e+03 2.9496459961e+03 2.9576369629e+03 2.7889472656e+03 2.7591706543e+03 2.8302011719e+03 3.1124545898e+03 2.8940073242e+03 2.9692041016e+03 3.3472131348e+03 2.3180061035e+03 2.4067290039e+03 2.2429541016e+03 1.9963439941e+03 2.2350510254e+03 2.1335922852e+03 
3.0000000000e+03 3.0000000000e+03 3.0000000000e+03 3.0000000000e+03 3.0000000000e+03 2.9050615234e+03 2.9258576660e+03 2.6255595703e+03 2.8762966309e+03 3.1211982422e+03 2.9709758301e+03 3.1467575684e+03 2.4432197266e+03 2.5595197754e+03 2.8107272949e+03 2.6563188477e+03 2.2401059570e+03 1.9965655518e+03 2.2351105957e+03 2.1336396484e+03 
3.0000000000e+03 3.0000000000e+03 3.0000000000e+03 3.0000000000e+03 2.8488811035e+03 2.9458771973e+03 2.7436669922e+03 2.8632678223e+03 3.0719165039e+03 2.7747419434e+03 2.6387287598e+03 3.4296071777e+03 2.5801706543e+03 2.4500402832e+03 2.9454650879e+03 2.3513066406e+03 2.5164411621e+03 1.9967471924e+03 2.2351579590e+03 2.1336801758e+03 
3.0000000000e+03 3.0000000000e+03 3.0000000000e+03 2.9060258789e+03 2.8781242676e+03 2.8771323242e+03 2.7895524902e+03 3.2042158203e+03 2.7765212402e+03 3.0031877441e+03 2.7239582520e+03 3.1955351562e+03 2.5887019043e+03 2.3550537109e+03 3.2693872070e+03 2.3377502441e+03 2.5325595703e+03 1.9968934326e+03 2.2351984863e+03 2.1337145996e+03 
3.0000000000e+03 3.0000000000e+03 3.0000000000e+03 2.8973574219e+03 2.8705456543e+03 2.7366379395e+03 3.2854213867e+03 2.9036745605e+03 2.6919399414e+03 2.6678459473e+03 2.9015598145e+03 2.7862680664e+03 2.5038168945e+03 3.0388940430e+03 2.3419396973e+03 3.0019589844e+03 2.5328110352e+03 1.9836751709e+03 2.2352333984e+03 2.1337453613e+03 
3.0000000000e+03 3.0000000000e+03 2.8528508301e+03 2.9001210938e+03 2.7316586914e+03 3.0966621094e+03 2.9515078125e+03 2.7786201172e+03 2.7040397949e+03 2.7961625977e+03 2.7125688477e+03 2.8965195312e+03 2.5222463379e+03 3.0585781250e+03 2.4864179688e+03 2.9184655762e+03 2.5257729492e+03 1.9963391113e+03 2.2352624512e+03 2.1337709961e+03 
3.0000000000e+03 3.0000000000e+03 2.8533432617e+03 2.8204150391e+03 2.7379804688e+03 3.3440349121e+03 2.7868168945e+03 2.6083859863e+03 2.8693747559e+03 2.9027595215e+03 2.5609255371e+03 3.0830720215e+03 2.5576220703e+03 2.5672668457e+03 3.0033554688e+03 2.9110727539e+03 2.5325095215e+03 1.9965070801e+03 2.2352885742e+03 2.1337919922e+03 
3.0000000000e+03 2.8585649414e+03 2.9039235840e+03 2.7148481445e+03 3.3241879883e+03 2.7787180176e+03 2.8007192383e+03 2.6591137695e+03 2.8140056152e+03 2.8523823242e+03 2.6016435547e+03 2.9393142090e+03 2.5085231934e+03 2.8202978516e+03 2.8856621094e+03 2.2719638672e+03 2.7487739258e+03 2.3469035645e+03 2.2353117676e+03 2.1338120117e+03 
3.0000000000e+03 2.7999528809e+03 2.8343576660e+03 2.8723710938e+03 3.0117148438e+03 2.8608061523e+03 2.7744846191e+03 2.6785942383e+03 2.8567966309e+03 2.8114980469e+03 2.6734306641e+03 2.7981472168e+03 2.7194367676e+03 2.7130031738e+03 2.7449238281e+03 2.3737268066e+03 2.7895332031e+03 2.3469975586e+03 2.2353308105e+03 2.1338295898e+03 
3.0035187988e+03 2.7601040039e+03 2.7252299805e+03 3.1087956543e+03 2.7763447266e+03 2.7467927246e+03 2.6953620605e+03 2.9666511230e+03 2.7154748535e+03 2.7860290527e+03 2.6708403320e+03 2.7789975586e+03 2.8116049805e+03 2.6522626953e+03 2.6169982910e+03 2.6224248047e+03 2.7886662598e+03 2.3470812988e+03 2.2353474121e+03 2.1338449707e+03 
2.7874050293e+03 2.8150559082e+03 2.8387365723e+03 2.9318049316e+03 2.8069538574e+03 2.6810314941e+03 2.7251520996e+03 2.8409948730e+03 2.7362482910e+03 2.9047407227e+03 2.7656237793e+03 2.6469741211e+03 2.6882258301e+03 2.6982634277e+03 2.8565883789e+03 2.6276513672e+03 2.5792705078e+03 2.5232739258e+03 2.2353620605e+03 2.1338583984e+03 
2.7544777832e+03 2.7639392090e+03 2.9098132324e+03 2.6723112793e+03 2.7218859863e+03 2.8366621094e+03 2.8230063477e+03 2.8378549805e+03 2.8495144043e+03 2.6994460449e+03 2.9459562988e+03 2.6301608887e+03 2.3819338379e+03 3.1731435547e+03 2.8313271484e+03 2.6339133301e+03 2.5871647949e+03 2.4988537598e+03 2.2353747559e+03 2.1338698730e+03 
2.5596110840e+03 2.7453327637e+03 2.8901723633e+03 2.7492001953e+03 2.7410705566e+03 2.9067856445e+03 2.9550334473e+03 2.8164106445e+03 2.7217001953e+03 2.7398579102e+03 2.6852939453e+03 2.8946320801e+03 2.4448781738e+03 3.1563842773e+03 2.8100703125e+03 2.5324477539e+03 2.6817827148e+03 2.5683427734e+03 2.2353869629e+03 2.1338808594e+03 
2.4419077148e+03 2.8060100098e+03 2.7672585449e+03 2.7762753906e+03 2.7436140137e+03 2.9161628418e+03 2.9086726074e+03 2.7703015137e+03 2.9120390625e+03 2.7286105957e+03 2.7833007812e+03 2.8731413574e+03 2.8507661133e+03 2.6177905273e+03 2.6162800293e+03 2.7968676758e+03 2.6658793945e+03 2.4248151855e+03 2.3897526855e+03 2.1338901367e+03 
2.3303437500e+03 2.6127202148e+03 2.8058969727e+03 2.9220852051e+03 2.8783171387e+03 2.8962900391e+03 2.8094042969e+03 2.8978112793e+03 2.8797121582e+03 2.8051489258e+03 2.7163327637e+03 2.8813352051e+03 2.8124467773e+03 2.6519042969e+03 2.6174228516e+03 2.7882016602e+03 2.6360251465e+03 2.4805793457e+03 2.3530163574e+03 2.1338991699e+03 
3.0000000000e+03 3.0000000000e+03 3.0000000000e+03 3.0000000000e+03 3.0000000000e+03 3.0000000000e+03 3.0000000000e+03 3.0000000000e+03 3.0000000000e+03 3.0000000000e+03 3.0000000000e+03 3.0000000000e+03 3.0000000000e+03 3.0000000000e+03 3.0000000000e+03 3.0000000000e+03 3.0000000000e+03 3.0000000000e+03 3.0000000000e+03 3.0000000000e+03 
