50
0 0 30
0 190
10 190
20 190
30 190
40 190
50 190
60 190
70 190
80 190
90 190
100 190
110 190
120 190
130 190
140 190
150 190
160 190
170 190
180 190
190 190
200 190
210 190
220 190
230 190
240 190
250 190
260 190
270 190
280 190
290 190
10 0 30
0 190
10 190
20 190
30 190
40 190
50 190
60 190
70 190
80 190
90 190
100 190
110 190
120 190
130 190
140 190
150 190
160 190
170 190
180 190
190 190
200 190
210 190
220 190
230 190
240 190
250 190
260 190
270 190
280 190
290 190
20 0 30
0 190
10 190
20 190
30 190
40 190
50 190
60 190
70 190
80 190
90 190
100 190
110 190
120 190
130 190
140 190
150 190
160 190
170 190
180 190
190 190
200 190
210 190
220 190
230 190
240 190
250 190
260 190
270 190
280 190
290 190
30 0 30
0 190
10 190
20 190
30 190
40 190
50 190
60 190
70 190
80 190
90 190
100 190
110 190
120 190
130 190
140 190
150 190
160 190
170 190
180 190
190 190
200 190
210 190
220 190
230 190
240 190
250 190
260 190
270 190
280 190
290 190
40 0 30
0 190
10 190
20 190
30 190
40 190
50 190
60 190
70 190
80 190
90 190
100 190
110 190
120 190
130 190
140 190
150 190
160 190
170 190
180 190
190 190
200 190
210 190
220 190
230 190
240 190
250 190
260 190
270 190
280 190
290 190
50 0 30
0 190
10 190
20 190
30 190
40 190
50 190
60 190
70 190
80 190
90 190
100 190
110 190
120 190
130 190
140 190
150 190
160 190
170 190
180 190
190 190
200 190
210 190
220 190
230 190
240 190
250 190
260 190
270 190
280 190
290 190
60 0 30
0 190
10 190
20 190
30 190
40 190
50 190
60 190
70 190
80 190
90 190
100 190
110 190
120 190
130 190
140 190
150 190
160 190
170 190
180 190
190 190
200 190
210 190
220 190
230 190
240 190
250 190
260 190
270 190
280 190
290 190
70 0 30
0 190
10 190
20 190
30 190
40 190
50 190
60 190
70 190
80 190
90 190
100 190
110 190
120 190
130 190
140 190
150 190
160 190
170 190
180 190
190 190
200 190
210 190
220 190
230 190
240 190
250 190
260 190
270 190
280 190
290 190
80 0 30
0 190
10 190
20 190
30 190
40 190
50 190
60 190
70 190
80 190
90 190
100 190
110 190
120 190
130 190
140 190
150 190
160 190
170 190
180 190
190 190
200 190
210 190
220 190
230 190
240 190
250 190
260 190
270 190
280 190
290 190
90 0 30
0 190
10 190
20 190
30 190
40 190
50 190
60 190
70 190
80 190
90 190
100 190
110 190
120 190
130 190
140 190
150 190
160 190
170 190
180 190
190 190
200 190
210 190
220 190
230 190
240 190
250 190
260 190
270 190
280 190
290 190
100 0 30
0 190
10 190
20 190
30 190
40 190
50 190
60 190
70 190
80 190
90 190
100 190
110 190
120 190
130 190
140 190
150 190
160 190
170 190
180 190
190 190
200 190
210 190
220 190
230 190
240 190
250 190
260 190
270 190
280 190
290 190
110 0 30
0 190
10 190
20 190
30 190
40 190
50 190
60 190
70 190
80 190
90 190
100 190
110 190
120 190
130 190
140 190
150 190
160 190
170 190
180 190
190 190
200 190
210 190
220 190
230 190
240 190
250 190
260 190
270 190
280 190
290 190
120 0 30
0 190
10 190
20 190
30 190
40 190
50 190
60 190
70 190
80 190
90 190
100 190
110 190
120 190
130 190
140 190
150 190
160 190
170 190
180 190
190 190
200 190
210 190
220 190
230 190
240 190
250 190
260 190
270 190
280 190
290 190
130 0 30
0 190
10 190
20 190
30 190
40 190
50 190
60 190
70 190
80 190
90 190
100 190
110 190
120 190
130 190
140 190
150 190
160 190
170 190
180 190
190 190
200 190
210 190
220 190
230 190
240 190
250 190
260 190
270 190
280 190
290 190
140 0 30
0 190
10 190
20 190
30 190
40 190
50 190
60 190
70 190
80 190
90 190
100 190
110 190
120 190
130 190
140 190
150 190
160 190
170 190
180 190
190 190
200 190
210 190
220 190
230 190
240 190
250 190
260 190
270 190
280 190
290 190
150 0 30
0 190
10 190
20 190
30 190
40 190
50 190
60 190
70 190
80 190
90 190
100 190
110 190
120 190
130 190
140 190
150 190
160 190
170 190
180 190
190 190
200 190
210 190
220 190
230 190
240 190
250 190
260 190
270 190
280 190
290 190
160 0 30
0 190
10 190
20 190
30 190
40 190
50 190
60 190
70 190
80 190
90 190
100 190
110 190
120 190
130 190
140 190
150 190
160 190
170 190
180 190
190 190
200 190
210 190
220 190
230 190
240 190
250 190
260 190
270 190
280 190
290 190
170 0 30
0 190
10 190
20 190
30 190
40 190
50 190
60 190
70 190
80 190
90 190
100 190
110 190
120 190
130 190
140 190
150 190
160 190
170 190
180 190
190 190
200 190
210 190
220 190
230 190
240 190
250 190
260 190
270 190
280 190
290 190
180 0 30
0 190
10 190
20 190
30 190
40 190
50 190
60 190
70 190
80 190
90 190
100 190
110 190
120 190
130 190
140 190
150 190
160 190
170 190
180 190
190 190
200 190
210 190
220 190
230 190
240 190
250 190
260 190
270 190
280 190
290 190
190 0 30
0 190
10 190
20 190
30 190
40 190
50 190
60 190
70 190
80 190
90 190
100 190
110 190
120 190
130 190
140 190
150 190
160 190
170 190
180 190
190 190
200 190
210 190
220 190
230 190
240 190
250 190
260 190
270 190
280 190
290 190
200 0 30
0 190
10 190
20 190
30 190
40 190
50 190
60 190
70 190
80 190
90 190
100 190
110 190
120 190
130 190
140 190
150 190
160 190
170 190
180 190
190 190
200 190
210 190
220 190
230 190
240 190
250 190
260 190
270 190
280 190
290 190
210 0 30
0 190
10 190
20 190
30 190
40 190
50 190
60 190
70 190
80 190
90 190
100 190
110 190
120 190
130 190
140 190
150 190
160 190
170 190
180 190
190 190
200 190
210 190
220 190
230 190
240 190
250 190
260 190
270 190
280 190
290 190
220 0 30
0 190
10 190
20 190
30 190
40 190
50 190
60 190
70 190
80 190
90 190
100 190
110 190
120 190
130 190
140 190
150 190
160 190
170 190
180 190
190 190
200 190
210 190
220 190
230 190
240 190
250 190
260 190
270 190
280 190
290 190
230 0 30
0 190
10 190
20 190
30 190
40 190
50 190
60 190
70 190
80 190
90 190
100 190
110 190
120 190
130 190
140 190
150 190
160 190
170 190
180 190
190 190
200 190
210 190
220 190
230 190
240 190
250 190
260 190
270 190
280 190
290 190
240 0 30
0 190
10 190
20 190
30 190
40 190
50 190
60 190
70 190
80 190
90 190
100 190
110 190
120 190
130 190
140 190
150 190
160 190
170 190
180 190
190 190
200 190
210 190
220 190
230 190
240 190
250 190
260 190
270 190
280 190
290 190
250 0 30
0 190
10 190
20 190
30 190
40 190
50 190
60 190
70 190
80 190
90 190
100 190
110 190
120 190
130 190
140 190
150 190
160 190
170 190
180 190
190 190
200 190
210 190
220 190
230 190
240 190
250 190
260 190
270 190
280 190
290 190
260 0 30
0 190
10 190
20 190
30 190
40 190
50 190
60 190
70 190
80 190
90 190
100 190
110 190
120 190
130 190
140 190
150 190
160 190
170 190
180 190
190 190
200 190
210 190
220 190
230 190
240 190
250 190
260 190
270 190
280 190
290 190
270 0 30
0 190
10 190
20 190
30 190
40 190
50 190
60 190
70 190
80 190
90 190
100 190
110 190
120 190
130 190
140 190
150 190
160 190
170 190
180 190
190 190
200 190
210 190
220 190
230 190
240 190
250 190
260 190
270 190
280 190
290 190
280 0 30
0 190
10 190
20 190
30 190
40 190
50 190
60 190
70 190
80 190
90 190
100 190
110 190
120 190
130 190
140 190
150 190
160 190
170 190
180 190
190 190
200 190
210 190
220 190
230 190
240 190
250 190
260 190
270 190
280 190
290 190
290 0 30
0 190
10 190
20 190
30 190
40 190
50 190
60 190
70 190
80 190
90 190
100 190
110 190
120 190
130 190
140 190
150 190
160 190
170 190
180 190
190 190
200 190
210 190
220 190
230 190
240 190
250 190
260 190
270 190
280 190
290 190
0 0 20
290 0
290 10
290 20
290 30
290 40
290 50
290 60
290 70
290 80
290 90
290 100
290 110
290 120
290 130
290 140
290 150
290 160
290 170
290 180
290 190
0 10 20
290 0
290 10
290 20
290 30
290 40
290 50
290 60
290 70
290 80
290 90
290 100
290 110
290 120
290 130
290 140
290 150
290 160
290 170
290 180
290 190
0 20 20
290 0
290 10
290 20
290 30
290 40
290 50
290 60
290 70
290 80
290 90
290 100
290 110
290 120
290 130
290 140
290 150
290 160
290 170
290 180
290 190
0 30 20
290 0
290 10
290 20
290 30
290 40
290 50
290 60
290 70
290 80
290 90
290 100
290 110
290 120
290 130
290 140
290 150
290 160
290 170
290 180
290 190
0 40 20
290 0
290 10
290 20
290 30
290 40
290 50
290 60
290 70
290 80
290 90
290 100
290 110
290 120
290 130
290 140
290 150
290 160
290 170
290 180
290 190
0 50 20
290 0
290 10
290 20
290 30
290 40
290 50
290 60
290 70
290 80
290 90
290 100
290 110
290 120
290 130
290 140
290 150
290 160
290 170
290 180
290 190
0 60 20
290 0
290 10
290 20
290 30
290 40
290 50
290 60
290 70
290 80
290 90
290 100
290 110
290 120
290 130
290 140
290 150
290 160
290 170
290 180
290 190
0 70 20
290 0
290 10
290 20
290 30
290 40
290 50
290 60
290 70
290 80
290 90
290 100
290 110
290 120
290 130
290 140
290 150
290 160
290 170
290 180
290 190
0 80 20
290 0
290 10
290 20
290 30
290 40
290 50
290 60
290 70
290 80
290 90
290 100
290 110
290 120
290 130
290 140
290 150
290 160
290 170
290 180
290 190
0 90 20
290 0
290 10
290 20
290 30
290 40
290 50
290 60
290 70
290 80
290 90
290 100
290 110
290 120
290 130
290 140
290 150
290 160
290 170
290 180
290 190
0 100 20
290 0
290 10
290 20
290 30
290 40
290 50
290 60
290 70
290 80
290 90
290 100
290 110
290 120
290 130
290 140
290 150
290 160
290 170
290 180
290 190
0 110 20
290 0
290 10
290 20
290 30
290 40
290 50
290 60
290 70
290 80
290 90
290 100
290 110
290 120
290 130
290 140
290 150
290 160
290 170
290 180
290 190
0 120 20
290 0
290 10
290 20
290 30
290 40
290 50
290 60
290 70
290 80
290 90
290 100
290 110
290 120
290 130
290 140
290 150
290 160
290 170
290 180
290 190
0 130 20
290 0
290 10
290 20
290 30
290 40
290 50
290 60
290 70
290 80
290 90
290 100
290 110
290 120
290 130
290 140
290 150
290 160
290 170
290 180
290 190
0 140 20
290 0
290 10
290 20
290 30
290 40
290 50
290 60
290 70
290 80
290 90
290 100
290 110
290 120
290 130
290 140
290 150
290 160
290 170
290 180
290 190
0 150 20
290 0
290 10
290 20
290 30
290 40
290 50
290 60
290 70
290 80
290 90
290 100
290 110
290 120
290 130
290 140
290 150
290 160
290 170
290 180
290 190
0 160 20
290 0
290 10
290 20
290 30
290 40
290 50
290 60
290 70
290 80
290 90
290 100
290 110
290 120
290 130
290 140
290 150
290 160
290 170
290 180
290 190
0 170 20
290 0
290 10
290 20
290 30
290 40
290 50
290 60
290 70
290 80
290 90
290 100
290 110
290 120
290 130
290 140
290 150
290 160
290 170
290 180
290 190
0 180 20
290 0
290 10
290 20
290 30
290 40
290 50
290 60
290 70
290 80
290 90
290 100
290 110
290 120
290 130
290 140
290 150
290 160
290 170
290 180
290 190
0 190 20
290 0
290 10
290 20
290 30
290 40
290 50
290 60
290 70
290 80
290 90
290 100
290 110
290 120
290 130
290 140
290 150
290 160
290 170
290 180
290 190
